sex,age,cp,thalach,exang,oldpeak,slope,ca,thal,label
1,6,1,150,0,2,3,0,6,0
1,6,4,108,1,1,2,3,3,1
1,6,4,129,1,2,2,2,7,0
1,3,3,187,0,3,3,0,3,0
0,4,2,172,0,1,1,0,3,0
1,5,2,178,0,0,1,0,3,0
0,6,4,160,0,3,3,2,3,1
0,5,4,163,1,0,1,0,3,0
1,6,4,147,0,1,2,1,7,1
1,5,4,155,1,3,3,0,7,0
1,5,4,148,0,0,2,0,6,0
0,5,2,153,0,1,2,0,3,0
1,5,3,142,1,0,2,1,6,1
1,4,2,173,0,0,1,0,7,0
1,5,3,162,0,0,1,0,7,0
1,5,3,174,0,1,1,0,3,0
1,4,2,168,0,1,3,0,7,0
1,5,4,160,0,1,1,0,3,0
0,4,3,139,0,0,1,0,3,0
1,4,2,171,0,0,1,0,3,0
1,6,1,144,1,1,2,0,3,0
0,5,1,162,0,1,1,0,3,0
1,5,2,160,0,1,2,0,3,0
1,5,3,173,0,3,1,2,7,1
1,6,4,132,1,2,2,2,7,1
0,5,3,158,0,1,2,0,3,0
0,5,3,172,0,0,1,0,3,0
0,6,1,114,0,2,3,0,3,0
1,4,4,171,0,1,1,0,3,0
1,4,4,114,1,2,2,0,7,1
0,6,1,151,0,1,1,2,3,0
1,6,4,160,1,1,1,2,7,1
1,6,3,158,0,0,1,0,3,0
1,5,4,161,0,0,2,0,7,0
1,4,3,179,1,0,1,0,3,0
1,4,4,178,0,0,1,0,3,0
1,4,4,120,1,2,2,0,7,1
1,5,4,112,1,0,2,1,6,0
1,5,4,132,1,1,2,1,7,1
1,6,3,137,1,1,2,0,3,0
0,6,4,114,0,1,2,3,7,1
1,4,1,178,1,1,1,0,7,0
0,7,2,162,0,0,1,2,3,0
1,5,3,157,0,1,1,0,3,0
0,6,4,169,0,0,1,0,3,0
1,5,3,165,0,2,2,1,7,1
1,5,3,123,0,0,1,0,3,0
1,5,4,128,0,2,2,0,7,1
0,6,3,157,0,0,1,1,3,0
1,5,3,152,0,1,3,0,3,0
0,4,2,168,0,0,1,1,3,0
1,6,4,140,0,0,1,0,7,0
1,4,4,153,0,0,1,1,3,1
1,4,2,188,0,0,1,0,3,0
1,6,4,144,1,1,1,1,7,0
1,5,4,109,1,2,2,1,7,0
1,5,3,163,0,0,2,1,7,0
1,4,4,158,0,0,1,0,7,0
1,5,3,152,0,0,3,1,3,0
1,5,1,125,1,1,1,1,3,0
0,5,4,142,1,1,2,0,7,1
0,4,3,160,1,1,3,0,3,0
1,5,4,131,1,2,2,3,7,0
0,5,3,170,0,0,1,0,3,0
1,5,4,113,0,1,2,1,7,1
1,6,4,142,1,2,2,2,7,1
1,6,3,155,0,3,2,0,3,0
1,5,3,165,0,1,1,0,7,0
1,5,4,140,1,3,3,0,7,1
1,4,3,147,0,3,2,0,3,0
0,6,3,148,0,0,1,0,3,0
1,6,4,163,0,0,2,2,7,1
1,6,4,99,1,1,2,2,7,0
1,6,4,158,0,0,1,2,6,0
1,4,4,177,0,0,1,1,3,0
0,6,3,151,0,0,1,0,3,0
1,6,4,141,1,2,2,1,7,0
0,5,3,142,0,1,1,1,3,0
1,4,2,180,0,0,2,0,3,0
1,5,4,111,1,0,1,0,7,1
1,4,4,148,1,3,2,0,3,0
0,5,4,143,0,0,2,0,3,0
1,3,3,182,0,0,1,0,3,0
1,6,3,150,1,1,2,0,7,1
1,5,2,172,0,0,1,0,3,0
1,4,3,180,0,0,1,0,3,0
1,4,3,156,0,0,1,0,3,0
0,5,4,160,0,0,1,0,3,0
0,5,3,149,0,0,1,0,3,0
1,6,4,151,0,0,2,0,3,0
0,6,4,145,0,6,3,3,7,1
1,6,3,146,0,1,2,3,7,0
0,4,3,175,0,0,2,0,3,0
0,6,3,172,0,0,1,0,3,0
1,5,4,161,1,0,1,1,7,0
1,5,4,142,1,1,2,1,7,1
0,6,4,157,0,2,2,2,7,1
1,5,2,158,0,0,1,1,3,0
1,4,4,186,0,0,1,0,3,0
1,4,4,185,0,0,1,0,3,0
1,3,1,174,0,0,1,0,3,0
0,5,4,159,0,0,1,1,3,0
0,7,3,130,0,0,1,1,3,0
1,4,3,139,0,2,2,3,7,1
1,5,2,156,0,0,1,0,7,0
1,5,4,162,1,0,1,1,7,1
1,5,3,150,0,0,2,1,7,0
1,6,4,140,1,3,2,1,7,1
1,3,4,140,0,1,2,0,7,1
0,6,4,146,1,1,2,0,7,0
1,5,4,144,1,1,2,1,3,0
1,5,1,190,0,0,2,0,6,0
0,4,4,136,1,3,2,0,7,1
0,6,3,97,0,1,2,1,7,1
1,4,2,132,0,0,2,0,6,0
1,5,3,165,0,0,1,0,3,0
0,3,4,182,0,1,1,0,3,0
1,6,4,132,1,1,1,3,7,1
1,6,4,127,0,2,2,1,7,1
1,4,4,150,1,0,1,2,7,1
0,6,4,154,0,4,2,3,7,1
1,5,3,143,1,1,2,0,3,0
1,5,4,111,1,5,3,0,7,1
1,6,1,174,0,1,2,1,3,0
0,4,2,175,0,0,2,0,3,0
0,5,4,133,1,4,3,2,7,1
1,5,4,126,1,2,2,1,7,1
1,4,2,170,0,0,1,0,3,0
0,6,4,163,0,0,1,0,3,0
1,5,3,147,0,0,2,0,7,0
1,5,3,154,1,0,1,1,7,0
1,2,2,202,0,0,1,0,3,0
1,5,4,186,1,0,1,0,3,0
0,4,3,165,0,0,2,0,3,0
0,5,2,161,0,1,2,0,3,0
1,7,4,125,1,2,3,0,7,1
1,6,2,103,0,1,2,1,7,1
1,3,4,130,1,1,2,0,7,0
1,5,3,166,0,2,2,0,3,0
1,5,2,164,1,0,1,0,3,0
1,5,1,159,0,0,2,0,7,0
1,5,2,184,0,0,1,0,3,0
1,6,3,131,1,1,2,0,7,0
1,5,3,154,1,0,2,0,7,0
1,4,3,152,0,0,1,0,3,0
1,5,4,124,0,1,2,3,7,1
1,4,3,179,0,0,1,0,3,0
1,4,2,170,0,0,1,0,3,0
0,6,3,160,0,0,1,1,3,0
1,5,1,178,0,1,2,0,7,0
0,4,4,122,0,0,2,0,3,0
0,6,3,160,0,1,2,0,7,0
1,5,4,145,1,0,2,1,7,1
1,6,4,96,1,2,3,1,3,1
1,7,4,109,0,2,2,3,3,0
1,5,4,173,1,1,1,0,7,0
1,5,4,171,0,0,1,2,7,0
1,6,4,170,0,1,2,2,7,1
1,6,3,151,0,1,1,1,7,0
1,4,2,156,0,0,1,0,7,0
1,7,4,162,1,0,1,3,3,1
0,5,3,158,0,1,2,0,3,0
0,5,4,122,0,1,2,0,3,0
1,4,3,175,0,0,1,2,3,0
1,5,4,168,1,0,1,0,7,0
0,5,2,159,1,0,1,1,3,0
1,3,4,156,1,0,1,0,7,0
0,4,2,138,0,0,2,0,3,0
1,7,3,112,1,2,2,1,7,1
1,5,4,111,1,0,1,0,7,0
0,5,4,143,1,0,2,0,3,0
0,6,4,157,0,1,2,0,3,0
1,6,4,132,0,2,2,2,6,1
1,5,4,88,1,1,2,1,7,0
1,5,4,147,0,0,1,3,7,0
1,5,4,105,1,2,2,1,6,0
1,4,3,162,0,1,1,1,3,0
1,5,3,173,0,0,1,3,3,0
1,4,4,166,0,0,2,0,7,1
0,5,4,150,1,1,2,2,7,1
1,4,1,178,0,0,1,2,3,0
1,5,1,145,0,4,3,0,7,0
0,6,4,161,0,0,1,0,3,0
0,6,2,179,0,0,1,2,3,0
1,4,3,194,0,0,3,0,7,0
1,6,2,120,1,0,2,3,6,1
1,5,2,195,0,0,1,1,7,0
1,6,3,146,0,2,2,3,7,1
1,5,3,163,0,0,1,0,3,0
1,5,4,122,1,4,2,3,7,1
0,6,4,106,0,1,2,3,3,1
0,6,3,115,0,1,2,0,3,0
1,6,4,125,1,0,2,2,3,1
1,6,1,131,0,0,2,1,3,0
0,4,4,152,1,0,2,0,3,0
0,5,2,162,0,1,1,0,3,0
1,5,1,125,0,0,1,0,3,0
0,5,4,159,0,0,1,0,3,0
0,6,4,154,1,0,1,0,3,0
1,5,3,173,0,0,1,1,7,0
0,6,3,133,0,0,1,0,7,0
1,4,4,161,0,0,1,0,7,0
1,4,4,147,1,0,2,3,7,1
1,5,4,130,1,3,2,2,7,1
1,5,4,126,1,0,2,0,7,1
1,5,2,155,0,0,1,0,3,0
0,6,4,154,1,1,2,0,3,0
0,3,3,170,0,0,1,0,3,0
1,3,1,182,1,3,2,0,7,1
1,4,3,168,0,2,2,0,3,0
0,6,4,165,1,1,2,2,7,1
1,5,4,160,0,0,1,1,3,0
1,5,1,162,0,1,2,0,7,0
0,4,2,172,0,0,1,0,3,0
0,4,4,152,1,0,2,0,3,0
0,6,4,122,0,2,2,2,3,0
1,5,4,182,0,0,1,0,3,0
0,4,3,172,1,0,1,0,3,0
0,5,3,167,0,0,1,0,3,0
0,3,3,179,0,0,1,0,3,0
1,5,4,95,1,2,2,2,7,1
0,6,4,169,1,1,2,2,3,0
0,3,2,192,0,0,1,0,3,0
1,4,4,143,0,0,1,0,3,0
0,6,3,172,0,0,1,1,3,0
1,5,4,108,1,0,2,1,3,1
1,6,4,132,1,0,1,1,3,1
0,5,3,169,0,0,2,0,3,0
0,5,4,117,1,3,2,0,3,1
1,4,3,126,0,0,1,3,3,0
0,7,2,121,1,0,1,1,3,0
0,5,3,163,0,0,1,1,3,0
1,5,4,116,1,3,2,2,3,1
1,5,4,103,1,1,3,0,7,1
1,4,4,144,0,0,1,0,7,0
0,4,2,162,0,0,2,0,3,0
1,4,2,162,0,0,1,0,3,0
1,4,2,153,0,0,1,0,3,0
0,4,2,163,0,0,1,0,3,0
0,4,4,163,0,0,1,0,3,0
1,6,1,145,0,2,2,2,3,1
0,6,3,96,0,0,1,0,3,0
1,6,4,71,0,1,2,0,3,1
1,5,4,156,0,0,1,1,7,1
1,4,4,118,1,1,2,1,3,0
1,5,4,168,0,1,1,2,7,1
1,6,2,140,0,0,1,0,3,0
1,5,4,126,1,1,2,0,6,0
1,5,4,105,0,2,2,1,7,0
1,6,4,105,1,0,2,1,7,0
0,5,3,157,0,0,1,0,3,0
1,4,4,181,0,1,2,0,3,0
0,4,3,173,0,0,2,0,3,0
0,6,4,142,0,0,1,2,3,0
0,7,3,116,0,1,2,0,3,0
1,7,2,143,0,0,1,0,3,0
1,5,2,141,0,0,1,0,7,0
0,4,3,149,0,0,2,1,3,0
0,5,2,152,0,0,1,2,3,1
0,6,1,171,0,0,1,0,3,0
1,4,3,169,0,0,1,0,3,0
1,6,4,125,1,3,2,1,3,1
1,4,4,125,1,1,2,0,6,1
1,5,3,134,0,2,2,1,6,1
1,4,4,181,0,0,1,0,7,0
1,4,3,150,0,0,1,0,3,0
1,6,4,138,1,1,1,1,7,0
1,6,4,138,0,2,1,0,6,0
1,4,4,120,1,1,2,2,7,1
0,7,4,125,0,1,2,0,3,0
1,5,1,162,0,0,1,2,3,0
1,6,1,155,0,0,2,0,7,0
0,6,3,152,0,0,2,1,3,0
0,3,3,152,0,0,2,0,3,0
1,5,2,164,0,0,1,1,3,0
0,5,4,131,0,0,2,0,3,0
1,5,4,143,1,3,2,1,7,1
1,4,3,179,0,0,1,0,3,0
0,5,4,130,1,2,2,1,7,1
1,3,2,174,0,0,1,0,3,0
1,6,4,161,0,0,1,1,7,1
1,5,4,140,0,4,3,3,6,1
0,5,4,146,1,2,2,2,6,1
1,5,2,163,0,0,1,0,7,0
1,5,2,169,0,0,3,0,3,0
1,6,3,150,0,0,2,0,7,0
0,5,2,166,0,1,1,0,3,0
1,4,4,144,1,2,3,0,6,1
1,6,4,144,1,4,1,2,7,1
0,6,4,136,1,0,2,0,3,0
1,4,2,182,0,0,1,0,3,0
1,5,4,90,0,1,2,2,6,1
0,5,4,123,1,0,2,0,7,0
1,4,1,132,0,1,2,0,7,0
1,6,4,141,0,3,2,2,7,1
1,5,4,115,1,1,2,1,7,1
0,5,2,174,0,0,2,1,3,0
