sex,failures,higher,G1,G2,label
0,1,1,5,6,0
0,1,1,5,5,0
0,4,1,7,8,1
0,1,1,15,14,1
0,1,1,6,10,1
1,1,1,15,15,1
1,1,1,12,12,1
0,1,1,6,5,0
1,1,1,16,18,1
1,1,1,14,15,1
0,1,1,10,8,0
0,1,1,10,12,1
1,1,1,14,14,1
1,1,1,10,10,1
1,1,1,14,16,1
0,1,1,14,14,1
0,1,1,13,14,1
0,1,1,8,10,1
1,4,1,6,5,0
1,1,1,8,10,1
1,1,1,13,14,1
1,1,1,12,15,1
1,1,1,15,15,1
1,1,1,13,13,1
0,1,1,10,9,0
0,3,1,6,9,0
1,1,1,12,12,1
1,1,1,15,16,1
1,1,1,11,11,1
1,1,1,10,12,1
1,1,1,9,11,1
1,1,1,17,16,1
1,1,1,17,16,1
1,1,1,8,10,1
1,1,1,12,14,1
0,1,1,8,7,0
1,1,1,15,16,1
1,1,1,15,16,1
0,1,1,12,12,1
0,1,1,14,13,1
0,2,1,7,10,1
1,1,1,12,12,1
1,1,1,19,18,1
1,1,1,8,8,1
0,2,1,10,10,0
0,1,1,8,8,0
0,1,1,11,12,1
1,1,1,19,19,1
1,1,1,15,15,1
0,2,1,7,7,0
0,1,1,12,13,1
0,1,1,11,13,1
1,2,1,11,11,1
0,1,1,8,10,1
0,1,1,10,13,1
0,1,1,8,9,1
0,1,1,14,15,1
1,1,1,14,15,1
1,1,1,9,10,0
0,1,1,15,16,1
0,1,1,10,11,1
0,1,1,10,8,1
0,1,1,8,10,0
0,1,1,10,9,0
0,1,1,10,10,1
0,1,1,16,15,1
1,1,1,13,13,1
0,1,1,7,7,0
0,1,1,8,9,0
0,1,1,16,16,1
1,1,1,13,15,1
1,1,1,10,10,1
0,3,1,8,6,0
1,1,1,12,12,1
0,1,1,11,12,1
1,1,1,9,9,1
1,1,1,11,11,1
0,1,1,11,11,1
1,4,0,8,8,1
0,1,1,5,5,0
1,1,1,10,12,1
1,1,1,11,10,1
0,1,1,7,6,0
1,1,1,15,15,1
0,1,1,9,10,1
0,3,1,7,9,0
0,1,1,8,7,0
0,1,1,13,14,1
1,2,1,11,10,1
1,1,1,8,6,0
0,1,1,7,7,0
0,1,1,16,17,1
0,1,1,7,6,0
0,1,1,11,10,1
1,1,1,11,13,1
0,2,1,7,10,1
1,1,1,11,15,1
0,1,1,8,9,1
0,1,1,11,14,1
0,1,1,7,9,0
1,1,1,7,7,0
1,1,1,16,17,1
1,1,1,10,13,1
0,1,1,7,6,0
1,1,1,16,18,1
0,1,1,10,11,1
0,1,1,7,8,0
1,1,1,16,18,1
1,1,1,10,13,1
0,1,1,14,15,1
1,1,1,18,19,1
0,2,1,7,10,1
0,2,1,10,13,1
1,1,1,18,19,1
1,1,1,9,9,0
1,1,1,15,15,1
1,1,1,11,13,1
1,1,1,13,14,1
1,2,1,9,7,0
1,1,1,14,13,1
0,1,1,16,15,1
1,1,1,16,14,1
0,1,1,13,13,1
1,1,1,14,11,1
0,1,1,8,7,0
1,1,1,13,13,1
0,1,1,7,10,1
0,4,0,7,8,0
1,3,1,7,4,0
1,1,1,18,18,1
0,3,1,12,0,0
0,1,1,8,0,0
0,1,1,10,13,1
0,1,1,12,11,1
1,1,1,9,0,0
0,1,1,11,0,0
1,1,1,10,0,0
0,3,1,4,0,0
1,2,1,14,12,1
0,1,1,16,16,1
1,1,1,7,9,0
1,3,1,9,9,0
0,1,1,9,11,1
0,1,1,14,14,1
1,4,1,5,0,0
0,1,1,8,11,1
0,4,1,6,7,0
0,1,1,10,11,1
1,1,0,7,6,0
1,4,1,8,9,1
1,4,0,6,5,0
1,2,1,12,13,1
0,3,1,10,10,1
1,4,0,5,0,0
0,1,1,11,11,1
1,1,1,11,8,0
1,1,1,16,12,1
0,4,1,9,8,1
1,1,1,17,15,1
1,2,1,10,12,1
1,3,0,7,6,0
1,3,1,5,9,0
1,2,1,7,0,0
1,1,0,10,10,1
1,4,0,5,8,0
1,2,0,12,11,1
1,1,0,10,10,1
0,1,1,14,15,1
0,1,1,6,7,0
0,1,1,14,14,1
1,3,1,6,5,0
1,1,1,13,15,1
1,1,1,13,11,1
0,4,1,8,7,0
0,1,1,10,11,0
1,1,1,10,9,0
0,1,1,13,13,1
1,1,1,6,5,0
1,1,1,10,8,0
1,1,1,10,10,1
1,1,1,9,8,0
1,1,1,12,13,1
0,1,1,16,17,1
0,1,1,9,9,0
0,1,1,12,13,1
1,1,1,12,12,1
1,1,1,11,12,1
1,1,1,15,15,1
0,1,1,8,7,0
1,1,1,8,9,1
0,1,1,11,12,1
0,1,1,8,8,0
1,1,1,7,8,0
1,1,1,8,9,1
1,1,1,13,14,1
0,1,1,14,15,1
1,1,1,17,15,1
1,1,1,9,9,1
0,2,1,18,18,1
0,1,1,9,9,1
0,1,1,16,16,1
0,1,1,8,10,1
0,1,1,9,9,1
0,1,1,7,6,0
0,1,1,10,10,1
0,2,1,10,9,0
0,4,1,7,7,0
0,1,1,11,12,1
0,1,1,9,9,1
0,1,1,7,7,0
0,1,1,8,8,0
1,1,1,12,12,1
0,1,1,12,13,1
1,2,1,6,7,0
0,1,1,8,10,1
0,1,1,14,15,1
0,3,1,6,6,0
1,2,1,6,6,0
0,1,1,7,7,0
0,1,1,9,10,1
0,1,1,6,6,0
0,2,1,6,5,0
0,1,1,16,16,1
1,1,1,12,13,1
0,1,1,13,13,1
0,2,1,9,8,0
0,1,1,16,15,1
1,1,1,12,11,1
1,1,1,10,8,0
0,1,1,12,10,1
0,1,1,13,13,1
1,1,1,11,11,1
1,1,1,11,9,0
1,1,1,14,13,1
1,1,1,9,7,0
1,1,1,11,9,1
1,1,1,14,13,1
0,1,1,13,12,1
0,1,1,13,11,1
1,2,0,7,7,0
1,1,1,12,12,1
1,1,1,10,11,1
1,1,1,6,0,0
1,1,1,13,12,1
0,1,1,7,0,0
1,1,1,18,18,1
1,1,1,12,12,1
1,4,0,6,8,0
1,2,1,3,5,0
1,1,1,13,15,1
1,2,0,6,8,0
1,1,1,7,10,1
1,2,0,6,9,0
1,1,1,8,9,0
1,1,1,8,12,1
1,2,1,7,9,0
0,1,1,14,12,1
1,1,1,11,11,1
1,1,1,15,14,1
0,1,1,10,9,0
0,1,1,17,18,1
1,1,1,8,8,0
1,1,1,13,12,1
0,1,1,10,9,0
0,1,1,9,10,0
1,1,1,17,17,1
1,1,1,9,9,1
0,1,1,12,10,1
1,1,1,10,9,1
0,1,0,6,0,0
0,3,1,9,9,0
0,1,1,15,14,1
0,1,1,11,11,1
1,1,1,15,14,1
0,1,1,10,10,1
0,1,1,12,12,1
0,1,0,10,9,0
1,1,1,9,9,0
0,2,1,9,8,0
1,1,1,10,11,1
1,1,1,8,8,0
1,2,1,11,9,1
0,1,1,12,12,1
0,1,1,8,9,1
0,1,1,10,9,1
1,1,1,12,10,1
0,1,1,18,18,1
0,1,1,13,12,1
1,1,1,15,14,1
1,1,1,15,13,1
1,1,1,12,11,1
0,1,1,15,15,1
0,2,1,12,12,1
0,1,1,18,18,1
1,1,1,14,13,1
1,1,1,14,12,1
0,1,1,10,9,0
0,1,1,10,8,0
0,1,1,14,13,1
1,1,1,16,15,1
0,1,1,12,10,1
1,1,1,11,11,1
0,1,1,15,12,1
0,1,1,17,17,1
1,2,1,15,14,1
0,2,1,14,12,1
1,1,1,17,18,1
1,2,1,8,9,0
1,2,1,15,12,1
0,2,1,12,10,1
0,2,1,9,9,0
0,1,0,14,12,1
1,2,1,13,11,1
0,2,1,13,10,1
0,3,1,15,13,1
0,2,1,13,11,1
0,1,1,8,8,0
0,1,1,9,10,0
0,1,1,11,11,1
0,1,1,11,11,1
0,1,1,13,13,1
0,1,1,11,9,0
0,1,1,11,11,1
0,1,1,12,14,1
0,1,1,16,15,1
1,1,1,9,12,1
1,1,1,14,15,1
1,1,1,11,10,1
0,1,1,10,9,0
0,1,1,14,14,1
1,1,1,9,8,0
0,1,1,12,14,1
0,1,1,7,0,0
0,1,1,8,8,0
0,1,1,10,9,0
0,1,1,16,15,1
0,2,1,14,13,1
0,1,1,7,8,0
0,1,1,16,15,1
0,1,1,9,10,1
0,2,1,11,12,1
1,2,1,10,10,0
1,1,1,16,15,1
0,2,1,9,8,0
0,1,1,11,10,1
0,1,1,13,13,1
1,1,1,16,15,1
1,1,1,10,10,0
0,1,1,13,15,1
1,2,1,11,13,1
1,4,1,8,7,0
1,1,1,13,13,1
1,2,0,8,7,0
1,2,1,8,8,0
1,1,1,13,11,1
0,1,1,10,9,0
0,1,1,12,13,1
0,1,1,12,12,1
1,1,1,10,10,1
0,1,1,18,16,1
0,1,1,13,13,1
1,2,0,13,12,1
0,1,1,11,11,1
0,1,1,16,15,1
0,1,1,12,11,1
1,1,1,10,10,1
1,1,1,13,13,1
0,2,1,7,6,0
0,1,1,11,10,1
0,1,1,14,12,1
0,3,1,7,7,0
1,1,0,14,12,1
0,1,1,13,11,1
0,1,1,6,5,0
0,1,1,19,18,1
0,1,1,8,8,1
0,3,1,15,14,1
0,1,1,8,9,1
0,1,1,15,15,1
0,1,1,10,10,1
1,1,1,15,14,1
1,1,1,7,6,0
1,1,1,11,11,1
1,2,1,6,5,0
1,2,1,6,5,0
0,1,1,10,9,1
0,1,1,6,5,0
0,2,1,7,5,0
0,1,1,7,9,0
0,2,1,6,5,0
1,3,1,9,9,0
1,1,1,14,16,1
1,4,1,10,8,0
1,1,1,11,12,1
1,1,1,8,9,0
0,1,1,0,11,1
0,1,1,9,11,1
0,1,1,12,13,1
0,1,1,14,14,1
0,1,1,11,13,1
1,1,1,12,12,1
1,1,1,13,12,1
0,1,1,10,13,1
1,1,1,15,16,1
1,1,1,12,12,1
0,1,1,14,14,1
0,1,1,10,12,1
1,1,1,12,13,1
1,1,1,12,12,1
1,1,1,14,14,1
0,1,1,17,17,1
0,1,1,13,13,1
0,1,1,13,14,1
1,4,1,8,8,0
1,1,1,12,12,1
1,1,1,12,13,1
1,1,1,11,12,1
1,1,1,12,13,1
1,1,1,10,10,1
0,1,1,10,11,1
0,1,1,10,11,1
1,1,1,11,12,1
1,1,1,11,11,1
1,1,1,12,12,1
1,1,1,12,11,1
1,1,1,10,11,1
1,1,1,15,15,1
1,1,1,13,14,1
1,1,1,13,12,1
1,1,1,12,12,1
0,1,1,11,11,1
1,1,1,14,14,1
1,1,1,13,13,1
0,1,1,11,12,1
0,1,1,14,13,1
0,1,1,11,11,1
1,1,1,10,11,1
1,1,1,14,15,1
1,1,1,9,10,1
0,2,1,10,11,1
0,1,1,10,11,1
0,1,1,13,12,1
1,1,1,17,17,1
1,1,1,11,12,1
0,1,1,13,12,1
0,1,1,14,13,1
0,1,1,16,14,1
1,1,1,10,9,0
0,1,1,13,12,1
0,1,1,13,12,1
0,1,1,12,13,1
0,1,1,15,14,1
1,1,1,15,15,1
1,1,1,14,13,1
0,1,1,16,15,1
0,1,1,17,16,1
0,1,1,10,10,1
0,1,1,13,13,1
0,1,1,14,13,1
0,1,1,13,12,1
0,1,1,16,15,1
1,1,1,11,12,1
0,1,1,10,9,1
0,1,1,11,10,1
0,1,1,15,15,1
1,1,1,13,11,1
1,1,1,11,9,1
0,1,1,13,11,1
1,1,1,13,13,1
0,1,1,11,11,1
1,1,1,11,11,1
1,1,1,12,11,1
0,1,1,13,13,1
1,4,0,9,9,1
0,1,1,12,11,1
1,1,1,11,11,1
1,1,1,10,9,0
0,1,1,12,11,1
1,1,1,13,12,1
0,1,1,13,12,1
0,1,1,12,11,1
0,1,1,13,11,1
0,1,1,15,15,1
1,1,1,12,10,1
1,1,1,9,9,1
0,1,1,9,11,1
0,1,1,14,13,1
0,1,1,12,13,1
0,1,1,13,14,1
1,1,1,11,12,1
0,1,1,13,13,1
1,1,1,9,11,1
0,1,1,13,12,1
0,1,1,12,13,1
0,1,1,12,13,1
1,1,1,9,9,0
1,1,1,16,16,1
1,1,1,12,13,1
0,1,1,11,10,1
1,1,1,16,16,1
0,1,1,10,10,1
0,1,1,10,10,1
1,1,1,13,14,1
1,1,1,12,10,1
0,1,1,15,15,1
1,1,1,13,14,1
0,1,1,11,11,1
0,2,1,8,10,1
1,1,1,18,17,1
1,1,1,10,9,1
1,1,1,16,14,1
1,1,1,16,15,1
1,1,1,14,14,1
1,2,1,12,11,1
1,1,1,14,13,1
0,1,1,14,14,1
1,1,1,14,13,1
0,1,1,14,12,1
1,1,1,12,13,1
0,1,1,12,11,1
1,1,1,9,9,0
0,1,1,10,11,1
0,3,0,9,10,1
1,1,1,14,14,1
1,1,1,13,12,1
0,1,1,10,11,1
0,4,0,10,9,0
0,1,1,11,10,1
0,1,1,11,12,1
0,1,1,13,12,1
0,1,1,15,13,1
1,1,1,9,9,1
0,2,1,13,11,1
1,1,1,12,11,1
0,1,1,13,14,1
1,1,1,10,9,1
0,1,1,14,13,1
1,1,1,11,11,1
0,1,1,12,11,1
0,1,1,12,11,1
0,1,1,9,9,1
1,3,1,10,10,1
0,1,1,13,14,1
0,2,1,8,9,0
1,1,1,9,11,1
0,1,1,9,8,0
1,1,1,15,13,1
1,1,1,12,11,1
0,1,1,13,13,1
0,1,1,10,11,1
1,1,1,9,7,0
0,1,1,12,12,1
0,1,0,11,10,1
0,2,1,11,11,1
0,1,1,13,12,1
0,1,1,11,11,1
1,1,0,9,9,0
1,1,1,12,11,1
1,3,0,11,9,0
1,2,1,9,10,1
0,1,1,13,13,1
1,1,0,11,9,1
0,1,1,13,13,1
1,1,1,7,8,0
1,4,1,9,8,1
0,4,1,11,10,1
1,1,1,12,10,1
1,2,1,10,10,0
1,3,1,9,8,1
1,2,0,8,8,0
1,3,1,7,6,0
1,1,1,8,9,1
1,2,0,9,8,0
1,1,0,8,8,0
1,4,0,8,7,0
1,1,0,9,10,1
0,1,1,17,17,1
0,1,1,12,12,1
0,1,1,16,16,1
1,2,1,9,9,1
1,1,1,16,17,1
1,1,1,11,9,1
0,1,1,14,13,1
0,1,1,14,14,1
1,1,1,10,11,1
0,1,1,13,12,1
1,1,1,11,9,1
1,1,1,10,9,1
1,1,1,11,11,1
1,1,1,11,10,1
1,1,1,11,12,1
0,1,1,17,18,1
0,1,1,14,13,1
0,1,1,14,15,1
1,1,1,11,13,1
1,1,1,10,9,1
1,1,1,13,14,1
0,1,1,12,13,1
1,1,1,9,9,1
0,1,1,12,12,1
0,1,1,12,11,1
1,1,1,10,11,1
1,1,1,11,10,1
1,1,1,13,12,1
0,1,1,14,15,1
1,1,1,13,13,1
1,1,1,10,11,1
0,2,1,14,15,1
0,1,1,11,10,1
0,1,1,14,14,1
0,1,1,11,12,1
0,1,1,14,15,1
0,1,1,13,13,1
0,1,1,13,13,1
0,2,1,8,9,0
0,1,1,11,11,1
0,1,1,14,15,1
0,1,1,12,13,1
0,1,1,11,12,1
0,1,1,12,12,1
1,1,1,13,12,1
0,1,1,13,13,1
1,1,1,12,11,1
0,1,1,12,11,1
0,1,1,14,16,1
0,1,1,11,9,1
1,1,1,10,10,1
0,1,1,12,13,1
0,1,1,12,12,1
0,1,1,11,10,1
0,1,1,12,12,1
0,1,1,13,13,1
1,4,1,10,9,1
0,1,1,15,16,1
0,1,1,8,8,0
0,1,1,17,18,1
1,1,1,10,11,1
1,1,1,9,10,1
0,1,1,15,15,1
0,1,1,14,12,1
1,1,1,12,13,1
1,1,1,13,13,1
1,1,1,13,13,1
1,1,1,9,9,0
1,1,1,12,12,1
1,1,1,16,16,1
0,1,1,9,10,1
0,1,1,14,13,1
0,2,1,10,10,1
0,2,1,9,8,1
0,2,0,8,7,0
1,2,0,7,8,0
1,1,1,10,8,0
0,1,1,14,14,1
0,1,1,11,10,1
0,1,0,12,11,1
0,1,1,13,13,1
0,2,1,9,9,0
1,1,0,8,7,0
0,2,0,11,9,1
0,1,1,15,14,1
0,1,1,15,14,1
1,1,1,15,15,1
1,1,1,12,12,1
1,1,1,14,14,1
1,1,1,14,15,1
0,1,1,11,11,1
1,1,1,13,14,1
0,1,1,11,11,1
0,1,1,10,9,1
0,1,1,12,10,1
1,1,1,15,16,1
0,1,1,11,10,1
1,1,1,9,12,1
1,4,0,7,8,0
1,1,1,10,9,1
1,1,1,11,12,1
1,1,0,7,8,0
1,2,1,9,11,1
1,3,0,7,8,0
1,1,1,14,13,1
1,1,1,12,12,1
1,2,1,9,10,1
0,1,1,12,12,1
0,1,1,14,15,1
0,1,1,10,10,1
1,2,0,11,10,1
0,1,1,11,12,1
0,1,1,11,12,1
0,1,1,11,11,1
1,1,1,11,13,1
1,1,1,16,16,1
1,1,0,9,10,1
0,1,1,10,11,1
0,1,0,10,12,1
0,1,1,15,15,1
1,1,1,10,10,1
1,1,1,10,11,1
0,1,1,15,12,1
0,1,1,11,12,1
1,1,0,8,8,0
1,1,1,15,16,1
1,1,1,11,11,1
0,1,1,10,11,1
1,1,1,10,12,1
0,1,0,8,9,1
0,1,1,11,12,1
0,1,1,16,16,1
0,1,1,13,13,1
1,1,1,16,17,1
0,1,1,14,14,1
0,1,1,15,16,1
0,1,1,12,12,1
0,1,0,12,9,1
1,1,1,11,12,1
0,2,1,14,12,1
0,1,1,13,15,1
0,2,0,9,8,1
1,1,1,10,10,1
1,1,0,10,10,1
1,1,1,11,11,1
1,1,1,13,13,1
0,1,1,17,17,1
0,1,1,12,13,1
0,1,1,12,12,1
0,1,1,12,13,1
1,1,1,12,12,1
0,1,1,18,18,1
0,1,1,13,13,1
1,1,1,14,15,1
1,1,1,17,17,1
1,1,1,15,16,1
0,1,1,17,18,1
0,1,1,18,19,1
1,1,1,14,15,1
1,1,1,14,15,1
0,1,1,14,13,1
0,1,1,13,14,1
0,1,1,16,17,1
1,1,1,18,18,1
0,1,1,14,15,1
1,1,1,12,13,1
0,1,1,7,7,0
0,1,1,16,16,1
0,1,1,18,18,1
1,2,1,9,10,1
1,3,1,14,15,1
1,1,1,10,10,1
0,1,1,10,10,1
0,1,1,12,12,1
0,1,1,11,12,1
0,1,1,15,16,1
0,1,1,14,15,1
0,1,1,12,12,1
0,1,1,15,15,1
0,1,1,11,12,1
1,1,1,11,10,1
0,1,1,12,11,1
0,1,1,11,12,1
0,1,1,14,15,1
0,1,1,15,14,1
0,1,1,12,12,1
0,1,1,11,12,1
1,1,1,8,9,1
0,1,0,10,10,1
0,3,1,8,8,0
0,1,1,10,10,1
0,1,1,14,13,1
0,1,1,11,11,1
0,1,1,17,18,1
0,1,1,14,14,1
0,1,1,14,14,1
1,1,1,13,14,1
1,1,1,17,18,1
1,1,1,11,10,1
0,1,1,13,12,1
0,1,1,15,14,1
0,1,1,11,12,1
1,1,1,11,11,1
1,1,1,11,10,1
0,1,1,10,9,1
0,1,1,15,15,1
1,1,1,15,14,1
0,1,1,10,11,1
0,1,1,10,9,1
0,1,1,14,13,1
0,1,1,11,13,1
0,1,1,12,13,1
0,1,1,14,14,1
0,1,1,14,14,1
1,1,1,12,12,1
1,1,1,16,16,1
0,1,1,10,12,1
0,1,1,11,12,1
0,1,1,14,16,1
1,1,1,15,14,1
1,1,1,14,13,1
0,1,1,11,12,1
0,1,1,12,15,1
0,1,1,12,16,1
0,2,0,10,11,1
0,2,1,10,13,1
0,3,1,9,12,1
1,1,0,9,11,1
1,1,1,13,14,1
0,1,1,13,17,1
1,1,1,12,15,1
0,1,1,14,17,1
1,3,0,9,10,1
0,1,1,11,15,1
0,2,1,9,10,1
1,1,1,16,18,1
0,1,1,14,17,1
1,1,1,13,14,1
1,1,1,7,11,1
0,1,1,14,17,1
0,2,1,8,10,1
0,1,1,10,13,1
0,1,0,10,11,1
0,1,1,12,12,1
0,2,1,10,10,1
0,1,1,10,10,1
0,1,1,16,17,1
0,1,0,6,8,0
1,1,1,10,11,1
1,1,1,10,11,1
0,2,1,10,10,1
0,2,0,6,6,0
0,1,1,13,14,1
0,1,0,10,9,1
0,1,1,10,10,1
0,2,1,6,7,0
0,1,1,12,11,1
0,1,1,10,11,1
0,1,1,14,16,1
1,1,1,7,0,0
1,1,1,8,9,0
1,1,1,12,13,1
1,1,1,7,9,0
1,1,1,9,10,1
1,1,1,7,9,0
1,1,1,11,11,1
1,1,0,8,10,0
0,1,1,16,16,1
0,1,1,11,13,1
0,1,1,15,15,1
1,1,1,10,11,1
0,1,1,9,10,1
0,2,1,10,8,0
0,2,1,9,8,0
0,1,1,9,10,0
0,1,1,13,14,1
1,1,1,10,11,1
0,1,1,13,10,1
0,1,1,10,9,1
0,1,1,11,10,1
0,1,1,13,12,1
0,1,1,13,14,1
0,1,1,14,11,1
1,1,1,11,11,1
0,2,1,9,8,0
1,1,1,10,9,1
0,1,1,14,13,1
1,1,1,13,12,1
1,1,1,13,12,1
0,1,1,13,12,1
0,2,1,12,11,1
0,1,1,14,14,1
1,1,1,10,8,1
1,1,1,10,11,1
0,1,1,12,13,1
0,1,1,10,8,0
1,1,1,12,10,1
0,4,1,7,7,0
0,1,0,9,9,1
0,2,0,9,9,1
0,1,0,9,10,1
0,1,0,9,10,0
0,1,0,9,10,1
0,1,0,7,7,0
0,1,1,11,10,1
0,2,1,9,10,1
0,3,0,7,9,1
0,2,0,7,9,0
1,2,0,8,9,1
0,2,0,9,11,1
0,2,1,7,8,0
0,1,1,8,10,1
0,1,1,9,9,1
0,1,0,8,9,0
0,1,0,14,13,1
0,1,1,14,14,1
1,2,1,10,11,1
0,1,1,14,13,1
0,1,1,17,16,1
1,2,0,6,7,0
1,1,1,14,12,1
1,2,1,10,8,0
0,1,1,14,14,1
0,1,1,12,13,1
0,1,1,11,11,1
0,2,1,11,9,1
0,1,1,11,11,1
1,2,1,10,9,0
0,1,1,16,17,1
0,1,1,15,17,1
0,1,1,11,9,1
0,2,1,7,7,0
0,1,1,8,6,0
0,1,1,7,6,0
0,1,1,9,8,1
0,1,1,14,16,1
0,1,1,14,14,1
0,2,1,8,5,0
1,1,1,8,7,0
0,1,1,6,8,0
0,1,1,8,10,1
0,1,1,8,8,0
1,1,0,5,6,0
0,1,1,7,9,0
1,1,1,15,14,1
0,1,1,13,14,1
1,1,1,10,9,1
0,1,1,9,9,0
0,1,1,11,11,1
1,1,1,7,10,0
1,1,1,10,10,1
1,1,1,9,7,0
0,1,1,14,15,1
1,1,1,11,12,1
1,1,1,9,11,1
1,1,1,13,14,1
1,1,1,12,13,1
0,1,1,11,11,1
0,1,1,9,10,1
0,1,1,9,11,1
0,1,1,11,9,1
0,1,1,10,11,1
1,4,1,9,9,0
1,1,1,12,11,1
1,2,1,8,9,0
0,1,1,13,15,1
1,1,1,10,11,1
0,1,1,11,10,1
0,1,1,17,18,1
1,1,1,12,13,1
1,1,1,13,14,1
1,3,0,9,9,1
1,1,1,11,11,1
0,1,0,10,11,1
0,1,1,13,14,1
1,1,1,9,10,1
0,4,1,7,9,1
1,1,0,8,13,1
1,2,1,12,12,1
1,1,1,10,9,1
1,1,1,10,9,1
0,1,1,11,13,1
1,2,1,7,0,0
1,1,1,11,9,1
1,1,1,10,10,0
1,2,0,9,7,0
1,2,0,4,0,0
1,4,1,6,11,0
1,3,0,4,8,0
1,1,1,7,8,0
1,4,0,8,9,0
0,3,1,5,5,0
0,1,1,7,9,1
1,2,0,8,11,1
0,1,1,10,11,1
1,1,1,9,10,1
1,2,1,10,9,1
1,2,1,8,9,1
1,1,0,9,10,0
1,2,1,8,9,1
0,3,1,6,8,0
0,1,0,6,8,0
0,2,0,8,6,0
0,1,1,10,11,1
0,1,0,8,7,0
0,1,1,8,8,0
0,2,1,7,6,0
0,1,1,8,10,0
0,1,1,7,10,1
0,3,1,7,8,0
0,1,1,12,13,1
0,1,1,11,12,1
0,1,1,12,13,1
0,1,1,18,18,1
1,1,1,17,17,1
0,1,1,17,18,1
0,2,1,9,0,0
1,1,1,10,11,1
1,1,1,12,13,1
1,1,0,12,13,1
0,1,1,8,8,1
0,1,1,11,12,1
0,1,1,5,0,0
0,2,0,9,10,1
0,2,0,5,0,0
0,1,1,18,18,1
0,1,1,11,11,1
0,1,1,8,10,1
0,1,0,11,11,1
0,4,0,8,0,0
0,1,1,14,14,1
1,2,1,10,11,1
0,1,1,10,10,1
0,1,1,12,12,1
0,1,1,15,14,1
1,1,1,14,13,1
0,1,1,19,17,1
0,1,1,16,15,1
0,1,1,13,12,1
0,1,1,15,14,1
0,1,1,13,13,1
1,1,1,8,10,0
1,1,1,15,16,1
0,2,1,8,8,0
0,1,1,10,10,1
0,1,1,7,5,0
1,1,0,9,10,1
0,1,1,10,11,1
0,1,1,7,8,0
0,1,1,15,17,1
0,1,1,10,11,1
0,2,1,7,8,0
0,1,1,13,14,1
0,1,1,16,16,1
0,1,1,8,9,0
1,1,1,17,18,1
1,1,1,7,7,0
1,1,1,14,15,1
1,2,1,5,8,0
1,2,1,7,7,0
0,1,1,14,17,1
0,1,1,6,9,1
0,1,1,7,9,1
0,2,1,10,11,1
0,1,1,15,15,1
0,1,1,11,12,0
1,1,1,10,10,1
1,1,1,10,11,1
